"","Site","Tree","Fruit","Volume","Het1_F","Het1_WLM","Het1_WNM"
"360",158,"6A",1,653.12,2,0,1
"361",158,"6A",2,1099,0,0,0
"362",158,"6A",3,1473.70666666667,0,0,0
"363",158,"6A",4,1966.16333333333,0,0,0
"364",158,"6A",5,1128.30666666667,2,8,1
"365",158,"6A",6,678.24,0,0,1
"366",158,"6A",7,1507.2,0,2,1
"367",158,"6A",8,1208.9,0,0,0
"368",158,"6A",9,1607.68,0,0,0
"369",158,"6A",10,1966.16333333333,0,0,0
"370",158,"6A",11,1025.73333333333,0,0,1
"371",158,"6A",12,795.99,0,0,0
"372",158,"6A",13,795.99,0,0,0
"373",158,"6A",14,1632.8,0,0,0
"374",158,"6A",15,898.04,0,0,0
"375",158,"6A",16,1381.6,0,1,0
"376",158,"6A",17,552.64,2,0,0
"377",158,"6A",18,1413,0,1,0
"378",158,"6A",19,1530.75,1,0,0
"379",158,"6A",20,884.433333333333,2,1,1
"380",158,"6A",21,1565.81333333333,0,0,0
"381",158,"6A",22,884.433333333333,0,0,0
"382",158,"6A",23,1473.70666666667,0,0,0
"383",158,"6A",24,1607.68,0,0,0
"384",158,"6A",25,1381.6,0,0,0
"385",158,"6A",26,1025.73333333333,2,1,0
"386",158,"6A",27,795.99,0,0,0
"387",158,"6A",28,1601.4,3,1,0
"388",158,"6A",29,1884,0,0,0
"389",158,"6A",30,NA,0,4,0
"390",158,"6A",31,1473.70666666667,0,1,0
"391",158,"6A",32,1708.16,0,0,0
"392",158,"6A",33,1413,0,0,0
"393",158,"6A",34,1708.16,0,0,0
"394",158,"6A",35,884.433333333333,0,0,0
"395",158,"6A",36,795.99,5,3,1
"396",158,"6A",37,1025.73333333333,2,0,0
"397",158,"6A",38,1025.73333333333,0,0,0
"398",158,"6A",39,795.99,0,1,0
"399",158,"6A",40,1473.70666666667,4,2,0
"400",158,"6A",41,1632.8,0,0,0
"401",158,"6A",42,857.22,0,0,0
"402",158,"6A",43,1413,1,1,0
